1000
1422
3266
4146
6005
6639
5206
4548
4780
7933
8626
7200
9848
4197
1952
3141
4679
1107
8776
6452
5125
3587
5218
3958
4710
8025
7129
4624
5424
2545
7342
5780
8013
9980
2279
2946
1570
2918
6259
8764
7077
1719
3164
2209
9591
3998
8880
3152
9301
2398
1280
3582
5601
3424
1193
5459
4148
6717
3039
4950
5723
4474
2279
8516
2673
3386
1858
2966
6627
5993
5929
1398
2003
5750
1882
4537
6737
2423
7537
2192
2152
7831
1008
5668
2006
5000
2134
5810
5696
8378
9203
7908
4266
2441
9107
9499
1687
9717
9492
4017
9885
9021
5255
8752
3065
3151
7067
2117
3224
5763
2010
6555
2769
5534
2867
2729
4787
6394
4689
2034
1341
5329
9797
1571
7659
6045
7911
5356
1458
4831
4961
1785
7532
5313
2264
8253
1956
8354
6694
5073
4556
5693
4921
9656
6325
6629
3592
6976
7418
5153
5723
2729
6933
4574
9511
5202
5536
3813
2762
4289
1707
7432
1959
3779
2553
3110
7430
3674
5232
4794
3485
2580
5035
8133
8565
1034
1638
2095
4981
3900
4396
2210
2318
6842
4281
1290
5182
5570
6551
1739
6950
9939
4110
5231
1926
9468
2184
1807
1901
6450
9862
6532
7075
9230
3901
1844
8682
8112
6470
8454
7431
9495
9239
3738
1457
2988
5512
4652
7705
2638
2386
9205
1211
2208
1440
5019
4220
3832
5000
9271
8810
3599
3225
2400
5165
9668
3275
4596
3775
6899
9144
2229
6718
7950
9494
7753
3199
9352
6710
4377
6037
8185
9514
2293
2495
3975
6420
8903
1716
8809
5515
3297
3285
8481
5562
6770
2738
4271
1215
1551
2245
5520
5702
5336
6902
1729
5957
8514
5962
1019
9823
9267
8279
2187
1124
8009
9971
7927
1642
8530
3205
7391
7582
1065
8891
2898
3072
2331
5927
3380
8347
1793
6255
1764
3825
6154
1647
9031
6221
2980
5153
8959
9755
8665
7051
4124
1509
2062
8255
2871
8334
6320
5225
4759
4535
6993
5103
4680
5819
8854
2152
2843
3551
4880
3415
2456
4834
2458
4449
6565
4132
6947
2167
1183
4732
8458
8343
4211
3902
8541
5949
3963
2138
8319
5457
3828
5501
5119
3695
9098
2735
6112
3749
5242
2729
7980
2778
6625
3688
9250
3635
7999
2873
8001
1845
4130
9702
6617
7752
5168
1877
6011
3558
3793
5643
7571
3416
7793
5863
2718
5117
4997
2703
4501
5029
1210
1579
4509
4615
1110
6982
6619
9905
3510
1566
3569
3471
4366
1170
8652
5934
7452
5485
9190
6890
6530
6223
7208
3676
5356
7798
1451
1719
1116
5700
4649
3992
1025
9053
9259
6186
1638
5268
2737
9478
4778
6129
5317
6550
9031
1905
3849
5373
6026
4577
2725
4657
4149
1520
3131
9411
1637
2279
5679
5928
5539
1434
5038
4382
3019
4897
9501
2426
2059
3961
1775
1946
6450
4820
7070
7572
9159
5230
3118
7160
9042
4796
6732
1243
1373
4725
4551
7632
7805
3215
7690
4757
4475
9928
5922
7861
3255
6567
1658
3254
1342
8573
5762
9273
6679
3060
2810
9704
4132
3877
4367
5215
9478
7725
2941
6336
9418
6527
9541
1948
5766
9400
2472
5296
7253
5622
8637
6380
1305
7402
9307
4039
4264
2114
3725
1945
7120
3383
7214
4099
4223
7303
4050
4288
1956
8829
5325
3526
7935
4168
3172
1027
7932
3338
9624
6534
1322
9906
4066
2720
9930
8905
7274
3595
4578
3684
6319
5589
1398
6803
1663
3357
1055
4518
5475
1964
7691
5281
4242
6849
2924
5840
1823
3144
3905
7780
5762
1910
6248
8264
5401
4037
2944
3921
3992
6721
8301
2254
8653
3350
1410
3130
3691
5522
9371
1254
4719
3427
1322
4278
7517
6100
5504
4377
2421
8402
1566
9822
6883
8846
4952
3594
9604
4545
9120
7543
4138
3667
7886
3520
6240
3291
2018
4425
6532
2400
9809
3339
2176
9922
2761
7586
8365
3522
4916
1020
5518
9737
6529
4038
4686
3215
3472
1426
2499
9292
9971
5665
1004
5438
7361
4269
5360
1221
1592
5776
3577
1469
6810
7013
2550
5842
9114
9680
2698
4799
4523
2878
5124
1916
9919
4026
3254
8645
6510
9249
7674
3927
5283
3887
5349
3400
3650
9703
5062
5634
5235
5837
3143
4653
9250
7925
3318
8321
2309
8602
3895
1066
1262
4242
2103
2078
9591
3180
6139
7899
9802
1874
8033
6159
8034
8147
3635
3224
2021
6430
2256
9546
6786
4970
7248
1866
1584
1133
8810
8642
4463
6644
8182
9984
5507
2040
1633
8652
4366
8147
1596
1270
4522
4290
3024
2071
4485
7411
6935
8252
3866
1700
4619
7801
3589
1335
5837
7008
9385
2333
7133
5690
8430
9670
8025
8350
6439
8067
7434
9671
8112
5371
2488
7951
2418
1673
2177
4035
2398
1351
1336
7274
3469
5396
2913
5388
8724
8884
3783
7884
6123
2860
8699
9865
7342
7250
7590
5946
4130
9072
6999
3999
2892
6773
5695
4900
4903
6290
7791
4340
4727
4750
9767
9838
3461
8815
4444
4044
2777
6599
6113
1515
3841
5688
1241
2489
4293
1522
8654
9543
3772
6671
9445
3870
4500
9845
8938
8516
4425
2820
5256
4247
5707
1330
6399
5168
9053
2665
9286
9192
9067
7938
8327
2452
4247
4201
1256
6621
9110
7876
3467
5588
3449
5116
5119
6039
4553
4102
6182
2648
9409
2351
8726
2938
6306
5379
7331
3931
8661
1517
6373
5003
3652
6156
6081
5608
2626
5962
8329
4017
1676
3501
8204
4514
7052
4843
5995
8407
5317
7767
9544
1584
4544
3152
3217
1423
5226
1982
5046
1556
2965
3896
4405
3791
5319
7075
6730
2197
8385
6403
8361
9174
5285
9061
8972
5429
2365
8925
5274
4932
6108
5947
1073
1150
2725
6817
5738
9000
4678
7475
6269
9144
8621
2653
7397
1703
9367
3457
6241
5565
2594
6824
3791
1736
4288
3794
6802
1202
2833
2531
8785
9405
1430
4143
7285
7069
2110
7893
1616
3345
4604
9677
6340
2017
9551
7360
2451
3173
5598
3172
2596
1589
2356
7245
7828
5634
5223
3957
2883
6146
9708
2324
9358
7219
3384
7509
1541
7287
4607
3564