200
9977
1273
8450
1195
3882
4458
7239
3902
5351
1794
9318
3858
7966
3644
8662
5994
9106
2312
1620
2264
5945
5962
2557
9996
6098
1464
5016
7725
1761
5483
8866
8001
6905
1658
1717
3080
3479
4392
8610
9815
7204
8848
6618
2753
6068
2331
6950
4211
2958
2947
9530
6576
7575
4424
7368
3425
5521
8786
3906
5730
8410
4724
6531
9371
1530
5270
9942
5014
6171
8888
6195
3339
3696
9128
1655
6947
6354
1366
6583
2078
8026
5658
8791
2322
9912
9712
6628
3546
5270
8589
4561
9357
2615
1524
4848
1796
8641
8017
6742
5723
8027
8396
8477
3219
4690
1775
1283
9834
6605
4053
5843
3947
7217
6928
3382
1214
5873
3728
4920
9198
5483
8659
6591
4198
7620
3795
3045
1560
3031
3725
7775
1046
4584
3264
2058
3157
9593
8987
1095
5834
4075
2371
8128
4582
3204
5067
6559
4441
5846
2041
1093
9629
4153
3839
1569
8954
1143
8124
8694
3133
8799
4191
9124
9070
6310
3057
6345
2720
4127
9798
5960
5845
8399
5829
3961
2071
2289
2763
2315
5222
5603
4983
7429
8269
4954
8120
2575
4809
6055
1631
7493
6849
9364
6904
3921
4598
9053
2102
5954
9883