2500
1624
8537
6612
8600
5552
1290
9911
5127
6845
5891
3801
3580
9550
3017
2799
7295
1654
4260
3654
7093
5223
8994
8375
4632
4904
4646
6035
2110
5288
2263
4230
7771
3738
6002
6096
2991
8302
2526
6750
9697
6837
4415
6789
9636
1700
4872
2945
9289
6257
9597
9401
3788
4006
6142
6841
4635
6792
7269
3354
6449
1534
2129
9669
9997
4311
3897
4838
4615
1328
5309
4055
3321
3457
6068
3350
2800
8824
9152
4708
5391
3496
7393
3437
2265
6134
8955
8810
3447
2294
7478
5735
9980
2753
8293
1814
3709
2095
4472
5456
1585
4721
1870
6325
1235
7412
1691
9984
8674
4753
1705
2880
3274
2996
7671
8878
5050
9679
6951
2476
8686
6976
7358
2879
6111
4142
5503
8987
8573
4193
4300
9108
7611
6766
3464
3445
9209
4988
7848
5050
3243
8593
4715
7866
4372
2878
8324
4927
4270
4681
8666
5727
4415
1614
5182
7484
8080
4404
5842
4992
2020
7369
5134
6499
2239
5025
4371
2770
7600
2363
7744
4672
6775
1188
5396
8999
4566
5694
3425
2786
8657
5223
3121
3840
1915
5559
2541
3105
3959
2519
1875
6235
4151
1968
5596
1643
2842
7021
5665
2810
5841
5064
2676
2290
2142
3569
4208
4083
5722
4348
7686
5056
5001
9040
9902
2790
3681
1514
8752
4612
4192
1661
1962
1601
8284
4679
3716
2869
7398
2559
6903
8003
5264
5736
4895
7888
1048
3592
2641
3305
1612
2637
4999
4564
8924
4463
2079
8021
6658
1071
9459
8098
3741
5278
6489
7125
4729
7089
2707
4818
6717
6175
2208
7489
1651
7921
5519
5532
4798
5530
3204
4097
3537
3703
9581
1682
4422
5237
1286
1365
2233
6172
7028
4290
7713
3014
7866
2318
2696
2673
5876
3906
5668
3143
2184
8560
2539
8735
9848
2289
4986
1710
9432
4730
8931
4270
1604
6178
1780
1616
3183
6578
8326
2652
3919
3680
8277
2103
2754
9300
5153
5484
9483
6627
4492
6697
3002
8981
9915
7186
5277
5624
9125
3416
4659
5490
5758
2265
5644
3280
6655
7903
5138
5118
1989
5922
2003
5619
5201
5655
6838
7208
9518
7697
6656
9023
8492
3351
5087
9901
2211
1633
8153
1686
9243
7443
3467
1049
3429
7879
7150
3068
8538
9823
8088
2369
2258
8831
2563
2915
3315
4833
3372
3018
1195
9150
5389
5675
3576
4354
9887
9398
6300
7096
1464
4025
1743
5777
6691
1003
3255
5511
3207
5166
5207
2378
7536
6415
7163
4258
9516
6772
6052
3305
1090
5721
2490
9715
9172
7020
4477
6459
5103
1792
3592
5176
4288
9960
9313
2223
9736
5421
2851
3366
1851
4513
4585
8529
3924
4952
9177
7521
8193
6396
6446
8927
6521
7149
5698
1471
4276
1497
3994
1614
9002
9239
6624
7048
7433
3127
1793
1552
6486
2987
3965
8309
5443
6814
7427
3295
1260
5693
7447
9514
7790
1078
5822
5381
3448
1149
5874
9301
8467
8853
2524
2585
2334
5147
6924
3867
1800
4925
2305
3723
9164
5623
7874
2788
6071
6637
4777
5106
1347
8187
3880
3023
1456
6647
9876
4996
3677
2950
2206
9213
6837
8154
1614
2559
8642
4844
2008
2279
1471
4390
8120
5748
7931
1639
7759
7138
4916
3542
4280
5676
1242
1775
7056
1411
6207
7250
8137
8148
2038
6712
8866
2876
4428
6549
2780
4002
7496
5817
1836
6908
8394
2006
4255
8144
5516
9041
6016
1819
2568
9721
5728
5994
5483
6861
1319
1934
8924
3575
9966
3953
2701
3522
6791
3535
3150
7183
5460
7115
6489
5710
5043
4414
2703
1890
9642
9847
2443
3540
7804
5864
8028
9593
2431
5472
9947
9868
7908
9511
7445
3849
8554
6255
3229
1934
8045
2557
1096
2064
5149
9831
8465
7407
4025
7118
6392
3470
3274
6846
3487
5996
6954
6744
5936
6661
7525
3796
8991
9603
9058
2097
5472
8386
4695
5410
9840
4891
6226
5431
5452
6190
4945
4593
5068
4951
3623
8691
4871
5402
5202
1860
2907
7202
9743
9964
7341
5514
5070
9933
3769
7570
1991
1309
2888
3815
7470
1734
6690
5805
4833
4764
7358
2196
4006
8574
6959
4765
3121
7927
9956
6743
3855
4345
1070
9647
1436
4237
4703
3510
6096
4269
2228
5430
2826
1112
8672
8761
5880
4823
8501
4701
4354
1514
7050
2166
3321
6460
7830
6291
2023
8736
5875
5775
1717
3493
3282
1207
6742
5307
2803
2321
7321
9238
8255
4316
3448
3137
9986
9479
9440
1463
1478
1076
2267
1072
3487
6359
5025
5122
5623
9810
2593
5381
3950
1866
5650
1001
6187
1997
2363
9584
7692
5390
7983
3240
1621
8743
8186
9048
2400
9451
8270
8261
8160
2895
5948
3095
2181
8487
7998
5256
8302
2845
5452
8785
8455
7697
7031
5299
4912
2749
7671
3827
4973
1788
5920
7408
3029
4700
1043
3717
2121
1015
5863
7475
7802
3511
4310
8443
7368
5895
9038
5977
9402
9075
7525
5454
8306
7492
7382
4557
4606
5206
3028
9457
3430
9354
3344
3925
6526
8558
7321
8049
9998
7820
2457
2182
4450
8657
2623
2558
2152
4148
4232
3449
4166
4110
3414
8236
1512
7787
1060
2674
4985
2954
8241
2933
2256
5931
1758
9393
2095
9160
5689
5613
2516
1291
7751
5420
3176
4858
5001
6226
5044
3445
3037
7029
6173
5481
5933
7421
8575
1433
5476
9601
4247
3821
1563
6916
6512
5755
1265
4695
6372
4505
4570
8870
9569
2162
4417
4196
3618
6475
2379
6129
1198
5752
8430
2579
3715
6425
1117
2328
2555
1050
3877
6711
7386
6790
5778
8105
5212
1068
3800
4445
5617
4291
6834
9088
3237
2710
9044
9560
4582
9340
5761
3068
5402
2579
3308
9010
3422
9331
8670
5712
3461
2343
1882
5879
5649
2002
6029
9860
8693
6417
4130
2993
3744
3600
9112
5198
6461
2069
4741
9759
4527
9445
5831
2963
1628
1292
5849
1885
4633
1291
6064
2682
3714
8560
1170
7034
9304
2839
4993
2666
8018
4671
1396
3969
3831
8528
3166
7706
3052
4372
2757
5544
1077
2250
8942
2086
3485
5254
5841
7811
1254
5547
4438
7917
8056
9262
5251
5293
5191
2295
5561
3350
3343
7463
3026
2963
2841
8014
7287
2016
5772
5836
1406
1171
1196
4599
6210
1828
3450
9915
7127
6135
9443
8817
2923
4539
1958
1552
4011
2510
8855
5067
5756
6865
3235
6287
6052
5530
5901
8467
1444
2417
3025
4449
9829
7633
1328
5808
1195
5472
2408
3497
5697
9934
1385
1203
9863
8468
9523
1616
7850
4044
3411
6318
8904
4283
6670
9174
6110
5275
6249
9994
5047
7780
3850
5056
3003
6657
1486
1806
9901
9879
3198
8073
3288
8796
1057
5732
7510
1522
6728
3642
7089
9760
3224
7828
7006
6569
3037
7931
3892
2536
7833
1318
4270
4097
1925
2043
5273
1477
9161
5306
9325
4802
6212
2492
5323
2270
6462
5676
1416
6637
4955
8672
3561
8262
8229
7617
4507
3492
5587
4447
1924
5073
9167
9169
6731
6248
8338
3794
7507
2060
2645
9322
6906
6343
7338
2684
1744
8181
8312
8918
4492
3643
5996
7292
6704
7111
5299
3863
2841
1487
8985
4922
3878
2237
4020
3900
2949
4696
9816
4323
7487
3881
6247
2424
4529
2267
2558
5809
8093
9321
3430
8043
7952
8400
5283
6629
9104
1922
5414
7124
1116
3106
7304
2560
1169
5571
5181
9327
6747
6562
1497
2643
5512
6605
9306
1022
6839
4145
8492
6197
5747
9985
5119
7332
7143
7752
6658
3351
9088
1499
3267
2980
6971
1253
6256
3190
1132
6354
8467
4425
9081
9320
1697
4621
3027
1179
5412
2997
4613
7440
1944
9634
1683
3206
3936
2224
5943
9802
1830
9982
6133
5925
6115
4843
8406
2953
1963
5410
4615
2598
7490
1097
9435
4021
8285
3126
3993
5821
9719
6387
2931
9510
1582
4991
7937
3521
6231
8856
5902
5862
2458
4821
4772
1475
4243
1147
7724
5577
5411
3136
1389
7366
3341
1716
8199
4148
2401
6879
1291
6947
3096
8701
7772
1287
1029
5994
4923
5200
3925
7523
3016
5275
2300
9702
2370
1702
7642
1705
4899
5164
5772
4279
4964
1912
3907
6266
2749
7766
1962
8378
2542
6704
2745
1834
1566
8366
6229
1827
5111
3482
2874
8217
5043
9595
9293
5778
6440
2435
5415
4260
3354
9325
9624
4921
8770
1224
5873
5207
8677
9057
8154
4428
1061
4292
3125
1604
2271
2381
7082
5844
8033
8650
9272
8860
2642
5636
1243
2285
3239
6925
6374
3484
6725
9568
5644
1060
8756
2569
4404
9693
3252
7326
1716
5151
4906
3098
6173
2075
1748
6939
5126
1084
5365
4953
6569
7528
4002
5191
2905
1228
3940
6472
4898
5745
6642
5747
5687
9632
2014
9948
1460
7267
8273
6997
4566
1210
8508
1019
8396
7152
6845
9685
7764
1212
2845
4602
6237
1769
6675
5316
3134
3155
4234
5569
2847
8569
7175
6067
3019
5035
2923
1327
5794
2939
4671
8615
7805
5580
4904
2685
7324
4754
4089
3383
9581
6209
2267
7858
6001
7285
1286
4273
8192
3243
4186
8983
5650
8954
3616
5166
2544
4517
6467
5719
9875
8332
3135
3074
2631
8553
4417
7233
4738
1640
6533
3232
4574
8825
4032
1175
1381
3939
6360
6132
5752
8124
2464
1222
4986
7279
1155
6718
6034
9099
3005
8786
3278
1087
8800
4388
3420
2189
3744
8307
9215
3355
7591
3238
1604
9352
3912
1509
3693
3831
2100
7852
9896
1059
6023
6292
5787
6627
7058
4061
4986
2889
6639
4785
7514
3997
9020
1466
3416
6631
7184
3741
3361
7287
5983
5755
8941
5940
5970
8099
7962
1906
1010
2516
4574
8848
2423
7398
1783
1232
8952
1424
6446
4534
8160
4390
8439
1470
9364
6332
6817
1340
9328
6420
4254
1294
3871
5345
1498
7506
3870
6373
6326
9891
1723
3781
5916
6064
1597
8562
2497
8573
6223
8841
3960
4224
6649
6325
5155
6927
4077
9820
8915
3544
3367
3191
5548
9388
4320
8830
4365
9283
2107
9037
4858
4359
5635
8512
8920
4365
3764
6458
1162
7743
1702
2241
6622
5462
9473
1281
4249
1174
8159
7201
1186
4558
2322
5635
5144
4284
4156
6244
6730
5046
7007
2762
4198
3121
2816
7840
7993
4950
4521
6348
6121
4305
1665
4442
4255
3838
9691
7905
3646
9488
7290
5318
4739
3236
5590
5072
7740
9620
9421
5649
8732
1883
5501
4721
6011
3604
4095
6326
5953
4330
7752
6146
9430
7203
2921
4842
4774
5709
6103
9129
8751
9758
2137
3911
1556
5977
2857
7867
4289
9966
5834
7318
4151
2194
4349
8599
3988
2704
3202
2112
5026
6561
3714
6586
4164
3630
9637
3730
9047
1205
7658
9388
1538
3118
5808
5293
8338
2264
6181
9806
4765
4819
8868
2557
4858
6923
6371
9040
5070
9016
8858
1002
7534
7783
5725
6822
4969
2159
4287
9743
9040
4626
1364
5081
1687
8853
4635
7215
9115
1350
3139
3727
2167
8600
7904
2565
6681
3327
6534
9968
4994
4295
3000
5606
8755
5904
4477
3057
1198
8290
9468
3184
1898
3185
3057
5111
5449
1410
3161
4236
5324
1343
2995
4656
5290
5662
4082
4974
4857
9974
2321
1499
3751
6446
3782
4971
9829
3149
4720
1458
9542
8997
5545
6159
2175
2494
3410
1348
1099
8701
3607
1802
9353
8581
8530
9899
3410
4284
1984
4910
3716
2207
4588
6795
8126
5849
9031
8718
8080
2826
4039
2699
9178
3637
9096
6669
9752
6708
6466
3937
8160
4801
1952
1484
6690
9259
3131
2269
4142
3215
9641
4476
6999
1450
2254
4985
2158
2040
1337
7821
9927
4240
1847
1958
4075
3266
7373
3606
2005
3752
6558
2760
2186
2479
6620
4198
9228
2882
2238
7997
2038
7817
5072
2581
2403
9669
3379
8932
3679
6250
5958
9915
5743
7785
1932
1834
8224
6867
8390
1667
1402
3863
5621
3432
7291
8887
5711
3756
1275
5499
4442
7908
6761
4926
8969
5797
4716
6147
6315
8004
7777
6102
9148
3986
9764
5938
7370
4521
3874
1353
3062
6755
6053
6136
9964
9303
1077
9426
4855
5544
8999
4702
7622
2476
5913
8529
3014
8502
4366
1478
5474
1534
7335
3454
3831
8593
2869
5175
1842
1630
1293
3333
6290
1041
7021
3123
1415
6002
1392
5105
1585
4616
6529
4621
8258
7222
5432
5088
5102
3740
2735
4796
5410
9672
2715
9324
6918
1738
3888
7283
9399
6280
8547
2576
2970
3895
7690
2544
7943
1349
2656
7948
2650
4370
9855
1476
4661
8404
6510
2448
6351
1901
7070
9008
6741
3453
3619
2115
5312
8991
4744
2912
8385
4867
1956
3776
2666
4499
4399
2349
2811
6669
6083
3820
8560
7556
1608
1569
9203
2245
2365
2152
2006
9496
9257
1651
6142
7495
9229
1470
8045
1280
2547
2474
5972
5978
6404
5325
6161
5467
1898
8026
5423
3340
3053
5059
2729
9816
3054
4656
5174
3240
5236
8443
4158
2160
3821
5483
1435
5616
4983
9187
5680
7961
3496
9157
4708
9481
6716
5775
5456
3679
8256
1698
4931
1384
2600
2927
4784
2913
7189
1898
2834
8852
1389
1951
8487
2414
2011
1896
7727
6362
3654
9226
4455
1202
6746
2777
6426
3977
2825
6374
4996
2989
3272
6480
3176
7876
6466
6160
1116
8184
4556
4221
7136
7822
8337
2002
1206
2591
6856
1049
2735
6332
1725
8785
4368
3285
1864
7373
1881
2799
2146
8528
2987
7289
8608
4804
1284
6396
2649
9562
6016
9633
8883
3097
7548
2080
5398
9393
2198
2683
4654
5873
5228
9546
2475
6902
9548
2390
8736
8846
8798
8018
4117
9883
4308
6904
9338
1414
8672
5944
3938
3496
9535
8613
8849
3308
6912
8607
5677
4538
7109
2034
6254
4927
8125
2300
6981
4633
5655
9815
9976
9635
3593
7212
5974
8930
2513
1194
5403
5367
2446
6113
2922
6164
8401
2597
8685
4951
9901
3576
5993
6543
3489
1878
6458
3997
6861
1397
5797
6416
8795
9206
3065
7494
1198
9462
3432
3629
5459
5498
7695
9493
4684
4916
2212
2469
5326
6405
8120
6665
2478
8436
3502
3765
2871
6029
2708
3496
7017
6601
7820
1388
5747
1562
6118
1948
8689
1046
1546
9408
1361
5645
9202
7704
5154
7099
6127
3783
9699
3981
4434
2404
4521
6374
2841
6622
8009
2191
9853
3065
4460
6415
8880
9071
7280
4540
9665
8375
2890
7055
1308
3313
1739
6673
8095
7229
1911
5461
1328
6865
6669
4929
8401
8431
2425
2766
6445
6325
7104
6960
6840
5973
2662
4388
5152
9232
6379
2378
3644
7928
6084
9237
4048
1085
4241
3966
8409
8062
1300
2763
5727
2172
9284
6662
7122
3557
4960
2581
2998
3922
6569
6740
1567
8261
9468
8263
6057
3018
5245
4977
1859
7299
7756
1155
3122
3167
9279
1259
7135
2288
4353
2725
2259
7315
3130
8485
5108
1128
7957
3436
2755
5704
4039
7825
4571
1282
8243
2288
4044
9049
3756
4273
2068
5267
1081
7566
8366
1157
8479
7405
1358
1757
5620
6123
1886
3380
4917
2592
8818
3352
2619
3228
8676
9120
6361
6174
2029
5157
4721
4445
4814
4331
4547
8179
2123
8150
2291
2735
6185
7351
9143
9383
5570
1408
1482
3150
7590
1835
9662
4986
1043
5891
3210
9130
9292
5316
5833
6778
9752
1869
3243