5000
1876
7965
5897
8469
7572
2965
2196
9103
9285
6012
1411
6972
1308
8131
7659
7839
2255
4979
7777
7253
8479
3380
2866
5698
6222
4204
8394
1784
6312
8048
5927
2672
4083
5523
4056
5086
2754
7403
7885
1880
8515
3283
1328
3004
1925
6208
8143
9726
1552
1787
3852
8344
9656
8179
8494
8502
6097
8218
1281
1023
9680
5070
5287
1421
6686
3787
6636
4808
5047
5596
7107
8672
5429
9709
1983
7979
2502
1115
2365
6397
1734
6774
6572
9036
4871
8520
2480
5474
8212
1198
6257
8544
4318
6937
9350
6312
9739
5017
8596
1411
8549
7984
3732
6208
4867
6734
1011
8326
7636
4573
5125
4100
8392
4216
5760
2373
9095
5052
3976
1346
4018
1533
2664
8431
7621
4282
8043
2443
1286
5050
4307
4524
9190
1515
2653
5997
8659
2151
1230
9555
3210
2269
2020
7867
7478
7281
3559
3714
8216
1933
9387
6094
3181
8959
4567
3855
9275
9926
7089
7152
5584
1615
8771
8234
7959
1100
6558
8166
1536
3098
8094
3495
3254
3933
7355
2346
5018
7259
6610
2504
2869
6141
3917
6763
4039
7794
5583
2297
6568
1659
7463
5166
6025
6560
6181
3800
4448
1383
1163
9768
1218
6381
8470
7512
3084
5494
8775
8337
5394
9558
6878
4726
3830
5761
9789
3958
1923
8016
4512
7238
7618
5087
2164
1907
6075
4085
2046
6163
5851
6288
3431
4097
4412
2382
4092
1516
5622
9611
1407
6888
6752
4168
1508
3367
8940
3240
8482
5579
1376
4181
5334
4562
1148
2466
8986
2270
7556
7278
6373
9436
6424
2703
1126
3290
2960
4604
7642
5730
6618
1223
1941
6198
4227
6736
2512
4039
5641
8446
6270
6083
7162
7510
3124
3832
4710
5872
8206
2989
2826
4809
5496
1190
8022
2248
4261
6726
8774
1441
4902
5463
9428
8001
5010
8852
6080
5264
5855
1895
4432
4527
4678
4000
3718
4800
3911
2786
4916
4577
4896
2816
5686
2009
5699
5389
8563
4593
8416
1711
5128
7636
8062
9022
7694
1356
8124
1452
7881
7643
1828
6089
2191
2591
3029
8870
2696
2741
4818
4157
7525
6125
7693
3885
6383
3558
4361
6689
1340
2060
5114
2708
5056
1284
7495
4571
5204
4428
1508
4207
6098
9571
6443
8174
4080
5025
4896
9850
6280
7371
8151
3453
6042
1028
3176
2028
4380
4485
7272
1686
2700
4558
6753
3107
3808
4139
8438
5814
1806
7867
3406
9801
6419
2181
8809
2160
7409
6180
5879
4565
6017
2851
6625
5579
6657
7072
5259
2236
2588
1714
4175
1656
9599
2421
6902
7998
3308
7764
6540
1229
8178
5828
2860
5304
5747
9411
3217
3681
3005
3912
5143
2339
5210
5458
7822
3123
3310
4467
5110
6425
9903
9512
2908
3509
6050
7486
5238
4627
8240
4928
9089
7373
9832
8886
2165
4252
6974
5636
7823
6373
6610
2813
6792
4338
4152
6367
3963
3847
9081
9012
7150
3757
2670
2274
4946
2695
1670
4870
8920
6709
6192
9662
4780
3353
8881
9210
4639
2340
4894
7035
6739
1729
6943
5209
8812
1516
4039
8325
3991
5739
6117
2157
1367
2231
2449
1281
7948
5431
7903
1881
8131
4346
2282
4435
2950
2127
6042
3160
8167
3733
6063
1452
8625
1011
2180
7933
8354
6207
8824
1204
8631
7870
5390
4171
8999
6090
4017
9165
8982
6796
4575
2877
8850
2567
5759
7061
3342
1109
4545
6057
9116
4439
2481
6308
5413
7565
2015
2325
2910
7134
2139
3763
1880
7857
7477
3518
1544
1736
5597
4137
5210
3636
1022
1634
6537
2642
1632
4478
8339
1342
5541
3274
8106
8249
7592
4916
4583
2739
3202
7684
8992
4030
6371
3888
1278
4399
2558
4391
8057
5264
5629
1613
4747
6111
1956
3750
9217
9226
7898
6741
1737
8182
3698
2375
6095
1799
4832
6938
6571
7506
6185
1822
2371
3244
3043
4265
5098
1195
7101
2268
5310
9161
2771
8043
3578
4923
1693
4246
2171
3362
1689
5259
5965
4987
3826
7973
5749
3962
4852
5929
2908
2840
5607
8508
8063
1595
9203
5563
2704
8798
9177
8356
3183
5379
8122
4772
6092
4087
8607
7417
7701
9872
1433
5556
1094
3195
6799
1875
7532
6771
1204
3792
7618
1026
5575
3566
9658
1827
3581
5938
6641
9307
1232
4600
7493
4029
2776
2034
1324
8703
5906
3066
4137
9426
5923
6052
8374
9559
6319
5390
6474
8186
4973
7550
8510
9664
1166
8778
3996
4301
3659
4755
8324
1361
1998
6678
6397
8919
1496
9412
1483
7644
2398
5730
3600
3388
1253
4515
6696
5606
6922
7337
8315
3096
6920
2348
1115
1441
5920
1893
1167
8162
9827
3958
4348
5911
5038
6776
7761
2788
7036
8840
4105
6321
5494
7139
7695
1596
1420
7060
2045
3486
2745
3268
7591
4542
1248
5451
1601
8037
6350
2708
2602
1167
1462
7380
6172
6452
5064
7042
1790
1300
7594
7915
2224
2233
7124
1843
3595
8270
5180
9469
8128
8806
1983
7698
5632
9582
2921
6472
5007
8224
2343
2439
2443
4001
6385
9204
6668
5564
5074
6673
9940
2275
6359
2040
4423
9416
6132
6584
3950
6562
6420
1102
8524
3804
4981
5194
2251
1346
6579
5918
2550
3083
1388
4125
1626
9820
4408
2964
3891
7594
9898
9060
7151
3005
9961
3280
5782
1228
3881
5610
1209
2862
1105
3433
1676
8485
8826
2512
6597
9971
7077
3643
6085
1237
9576
5995
2110
6167
9014
7854
4985
3208
1740
6326
4700
4167
4710
1822
4706
9332
8651
2133
3616
4402
4782
9605
2749
2170
8524
6685
8988
5986
8486
1396
3109
4080
8520
9787
6880
1280
9449
6420
4283
2153
1320
5645
3345
5907
6670
2660
8007
4166
4238
2185
3125
8887
8077
3798
3236
1263
4140
1943
8397
1844
6098
6727
7525
4408
4746
5971
1946
9325
4860
1786
4522
6945
6046
6154
4867
8528
8353
2992
6454
5480
9041
1219
6798
4491
5746
1620
8808
3395
4026
2330
2959
6239
1875
4627
5648
9697
1523
6524
4566
2173
6153
1507
8536
9647
1076
2181
8844
6033
2491
5824
6364
7110
4063
1422
5410
4002
7532
9033
6550
6598
5453
2315
9148
4938
9539
6432
1887
9827
5812
3159
8569
2614
9681
9947
3115
9175
2936
8876
1110
4809
3256
7054
9553
4660
2363
2030
5528
4907
5397
4347
1638
4903
4981
5643
5924
6263
1262
4829
5149
5444
3320
3322
6267
4058
6243
3136
7911
6217
2986
6352
7057
1714
7040
5157
8932
3822
3379
3244
3203
7391
3748
3763
3746
8882
9997
4795
2810
4608
6654
3395
7119
7968
7897
8966
8989
1927
1625
1448
5989
5772
3419
2685
3026
8530
1453
3042
9048
8827
5834
2999
6366
8568
7206
4831
5328
3193
8496
2213
7809
8606
7323
8287
7208
5444
2457
5008
1411
9796
8287
6608
6823
5611
5028
6228
7459
6974
1319
3654
7403
7680
3827
2736
1572
5708
8385
6996
6564
3805
5074
3162
8723
9050
3771
6324
4238
5690
4510
9413
3369
5401
8678
7462
4525
7134
4667
5070
1285
2685
6909
2145
1596
1011
2287
1631
7799
2009
9800
3277
7043
7232
3612
2327
3379
2658
1807
4903
6123
3521
9632
8340
1585
5173
3466
6292
8074
1967
3564
3036
5682
1459
3941
5243
6629
6676
2203
8821
7196
5909
4496
6586
9676
2757
3370
1127
8621
3618
2370
1085
2191
3152
2999
9452
2487
7702
5759
2870
1404
3363
2235
1682
6170
2793
7891
7483
6695
1164
3167
9269
6704
2919
4422
4729
7102
4518
5435
3802
6327
5733
3388
6734
4948
4798
7618
9148
7757
2048
5117
9717
7082
5804
8798
2845
4747
5653
4909
1379
4075
5187
6602
7584
7831
1106
3742
9315
6823
1427
6958
7240
3848
2278
3007
2156
2540
3985
9099
7332
7190
4425
2855
3392
2776
1630
2977
9324
7665
4077
8362
3247
3005
1316
3535
2193
1569
3605
8383
3619
9982
1477
9461
5382
8876
1452
2815
9454
1208
9556
1343
1646
4516
9978
1194
1569
4104
5490
8095
3655
6743
5656
4837
1757
4589
3434
4822
7947
3702
9795
7173
3036
8131
2205
1527
7898
6359
2612
1393
7631
2688
1893
3163
2233
1260
1778
8340
2591
2324
1036
4993
2105
7053
6599
2361
5468
6797
3422
5153
6518
1497
1214
9698
1765
1233
2919
9569
4198
6722
1359
6534
4578
3042
1692
8892
2204
2516
1596
2491
1603
9329
2546
2658
8991
5690
3269
5954
3605
3095
5792
4274
4995
9558
7092
5223
9985
4115
9781
1378
5195
2730
3132
3168
7535
9968
1191
5695
7173
2858
7584
4517
7187
9427
5525
6137
5826
9774
6268
6080
6652
5729
2054
6309
7519
8203
2822
4453
8368
9787
3727
3799
7994
3629
9614
8521
8320
2891
8485
5652
8265
6885
5143
2734
3503
1790
3336
6850
7853
6221
2589
2419
8305
4442
6027
2439
4423
5085
2492
5399
5789
4900
2774
3741
3525
7460
4647
1501
3189
9555
7125
2818
3335
2220
1053
2989
4288
5540
2655
7736
3596
1657
8918
1327
1605
1301
8850
6221
4316
6337
5577
7659
4704
5738
5484
1486
8131
7519
1766
6225
3198
8892
4832
7164
5974
1281
8023
6260
3256
9670
6155
3877
6311
3042
2875
8689
3399
6095
5973
3499
4542
4348
4565
1364
9457
1000
3188
2375
2440
3895
8896
8489
9071
6240
6011
3495
9509
8510
2235
1515
9613
9040
5368
4417
3219
9366
4001
4296
1515
4941
9384
5721
3411
4071
7557
9630
5746
9018
3074
3897
6581
4159
3202
2620
2881
3803
3241
2901
1774
8831
5023
7480
6774
9461
2596
8101
3047
3328
4997
4152
8269
3906
8391
4937
5278
2486
1581
5709
5614
2541
5098
9282
5649
7221
4462
7616
2049
8968
6324
2849
4334
8735
1881
2013
7728
1383
6995
6507
2572
9733
3806
9023
6958
9151
8839
7256
6465
9823
5908
1610
1770
1950
4534
4911
6246
1472
1697
9924
4658
2218
8150
2634
6263
4193
4772
1731
9358
8121
5723
8499
3447
4327
4984
2579
4684
1794
8661
5163
7484
1339
4652
6328
7497
3266
9966
5993
6934
3326
2084
5207
2372
4530
3380
6613
6599
9515
2044
5470
2124
4175
2479
2860
6918
2424
6785
4703
7897
1589
1787
8429
2668
7310
5166
9222
1976
4464
7292
5796
6556
3222
3954
4115
9972
1664
8299
5519
1430
4722
5286
9737
2149
5909
1359
4661
6194
2359
1165
2042
6256
1383
7002
4202
2086
5044
2733
1726
8731
6843
2182
5194
7460
1624
2571
5973
8135
5101
2424
9911
6486
9400
8931
8031
1135
4641
8918
3805
4449
9264
4003
9142
4909
1753
5638
2687
5224
8864
1791
8941
2412
4655
1389
3660
7186
2561
4206
7095
7112
1965
2354
2643
1100
5619
6196
6295
1675
4013
5797
6794
8359
2985
7566
7314
3755
3366
4563
3693
5393
3898
9478
2880
4556
7016
1207
5730
3551
6002
4434
4013
1047
3242
2002
9479
4787
6012
9138
1688
5711
6391
9717
3966
6883
8697
6135
2537
5954
3073
9191
8860
9093
6517
6088
5851
9052
4456
2247
8769
4337
9026
6612
3157
3977
3874
8594
7933
2033
3696
2289
6356
4849
8464
4174
2259
2168
8295
3832
1010
4333
3592
4793
3661
5104
4582
4844
8296
3366
4912
3659
8745
5373
1421
5255
7265
8743
7899
4130
3665
1367
4356
6331
6353
8729
8876
3974
4671
5641
2005
4248
5921
5837
3822
5406
2398
1166
6829
9435
9191
6398
4188
3137
9231
9910
6768
1491
1975
3625
9762
1918
4163
9056
8925
2194
8488
4428
8907
1240
7033
2691
3310
4675
9131
1990
2756
5612
5746
8528
3164
8941
8411
9399
3270
5229
9857
3478
1450
4231
3371
9703
9091
1582
3977
8560
4596
1874
5018
5369
3478
4633
3776
5986
6171
2562
8489
6748
7112
1078
7900
5945
5059
9908
2821
6197
2555
1484
3086
2109
5325
5230
6525
1729
2382
3831
5259
7385
3350
3927
6415
6326
8144
3359
2708
2156
4890
4511
5292
3879
5707
7240
4201
9134
7011
4270
7501
1511
5762
8306
6981
4803
5821
1486
3498
2023
3538
5374
2993
5003
5967
1977
8598
9736
7647
8251
8378
2565
4478
7597
1051
6036
4762
4621
4046
1320
1312
1428
4980
1951
3107
2099
5440
5063
3619
5605
5254
4575
2102
4003
5536
4392
2710
3891
1932
5842
1593
5598
8487
6630
4513
5823
6493
3998
4139
8283
6436
8461
5734
5169
5001
7707
6129
5351
5418
3129
3651
5215
1745
9179
8254
5053
5763
9490
5406
8691
3311
1551
3767
6544
7334
6413
2368
5576
8796
2662
8882
1605
6435
6023
3075
6524
2754
8633
4549
8865
2790
2746
8644
3549
1139
2066
7132
5943
4152
3289
3821
9100
6762
3118
1054
2778
8506
2572
9354
9484
4351
9502
2903
2505
3478
8978
6699
8908
8416
9387
8726
1985
2400
5393
1124
6544
8593
4811
1962
5863
2324
3199
5374
1225
9072
7148
9287
5070
5197
3180
6894
8791
4537
9429
5519
6216
5287
3717
1453
3663
5385
4292
1431
8594
7013
7059
7094
8063
6397
8801
7613
5088
1191
8906
1882
1186
1475
8909
5171
2192
3971
1821
5119
5752
6865
5388
2690
6511
5963
3223
5975
2830
4955
5017
9839
2894
6455
7920
5357
4670
3370
9854
1678
8892
6724
2380
6037
7944
5644
6249
4047
7770
8138
1354
5499
6692
1923
1530
3556
7251
4663
9902
3932
9604
5728
1357
3999
1940
1379
5205
5964
2081
6005
3140
4299
2406
8039
9002
8477
1934
4248
7903
1979
1205
6699
8832
2213
4495
5652
7811
8352
5065
8147
2665
1243
8657
4665
6221
1595
7242
9043
6104
4537
2944
8785
6946
1576
2072
8314
6210
9173
5515
1399
7188
4812
4748
5941
4585
2007
8342
6531
3311
1268
9896
7008
5700
1618
6041
1484
1645
1033
5941
6765
3315
4176
3605
3868
2911
2787
2334
6783
5175
9807
5204
1423
1855
4890
7111
8211
8448
1110
4972
8710
1770
8355
9000
8441
5615
4026
1506
7666
5008
1505
4947
6466
5268
2551
6336
9938
1566
5762
1262
7058
3258
3402
1760
8867
4458
3650
6403
2232
2679
5088
3192
7558
4734
4309
2949
9927
9840
1999
6504
2823
8587
3465
9025
9668
5904
2268
4567
8045
3788
7058
5153
8808
3869
2687
2555
7951
5677
7709
2504
2328
8353
3217
8053
7657
6644
5004
3082
1097
8768
8778
5643
2780
4004
1697
4170
8182
3351
5586
9197
2540
9806
5868
9162
7078
2384
2731
5431
3653
3851
2555
8606
7338
2512
9568
6762
4811
3832
1954
9595
3637
2757
5176
1687
4899
6002
5160
4459
3967
1789
2390
7513
1901
6285
7253
6987
5199
6683
6085
2616
4399
8898
5852
3676
5023
8159
3239
3996
1493
9977
7308
6457
2526
4666
9024
2640
7441
1675
1684
3829
1495
6359
5986
7497
1915
6921
3456
5637
1880
1155
7323
3808
4059
5630
5136
9531
3658
9347
6118
2046
2940
2110
8857
6404
4427
6409
9640
5121
8885
9549
2280
4441
3157
4485
5078
5061
2496
2847
7355
4890
4114
1376
7816
6631
5720
8433
5349
7992
6890
3322
8350
2672
8832
7380
2803
7803
3753
1547
5675
1993
2156
3189
2594
6315
4861
9004
3481
7815
6318
9002
7470
5613
2043
1977
4187
8870
3687
3359
1846
5735
2203
8833
4333
4563
4296
6601
8523
1790
8286
7688
3265
7498
6708
5589
9914
8011
6889
5353
3487
5528
7961
2989
9730
3984
8866
1776
8852
2004
4709
6037
4846
2205
5905
8910
4258
3337
1676
7621
3724
5041
6417
9950
3797
5814
1130
3783
7167
9860
5583
1839
8414
2894
1534
3530
4703
6951
6846
5643
5712
1442
9296
3759
5294
6932
5914
3004
1341
9536
4531
1496
6606
8320
7048
9868
8997
4353
5995
4009
6230
1051
4888
6365
1379
7304
5818
4925
9363
4550
9614
7867
6005
1520
9861
4395
3915
4220
7431
2382
4594
3634
7639
8856
5922
4162
8000
2801
4300
5602
2869
9311
1076
8540
7349
4026
5746
8311
3815
3369
4100
3355
8866
8789
4679
5730
4806
2935
2703
6452
7805
4507
3510
2257
9223
4684
1380
7412
3157
3068
2482
7603
6989
6627
6315
6372
5803
1424
6678
7163
5741
9172
5393
5256
3900
6482
3476
4809
4974
5263
1203
9788
3673
4576
3378
9276
7723
5081
4320
7001
9457
4725
3253
3469
6809
6013
8286
6359
3232
2892
5818
2038
7259
4999
4679
4911
1613
8981
1936
8331
9201
1838
6684
2468
5045
3835
1511
4947
1796
1043
7499
2633
6446
2791
6665
9554
5773
4646
8877
3401
5131
1502
5150
6037
4249
2403
5031
9609
8193
6603
3849
4117
1770
8784
2739
4047
3221
1949
5244
5680
2543
6680
9538
4093
2498
4104
4793
6370
4999
8053
8700
3165
5918
2830
8362
2196
5036
3287
3160
2095
1434
8625
5032
3910
9630
5574
7687
3079
8645
1406
2396
6127
9056
2689
8468
8168
1362
4925
6192
4126
2591
3111
8464
3405
5751
6959
4717
9701
8475
8903
7415
1508
8497
9831
2325
1615
5272
1257
9712
9746
9823
3114
4895
7557
5871
4423
7499
6271
6075
1792
4988
9960
9101
8129
5058
9417
2710
9163
5723
2213
2784
6939
4331
4992
1837
2743
2590
2832
3852
6091
2866
6457
3548
2484
2608
4248
2198
8586
6713
3817
3508
1205
2783
7395
2527
2225
3782
3811
3159
1768
9144
4316
2710
3118
7530
8230
6509
1383
1488
4320
5977
6596
4382
3022
8300
9981
3738
9322
6779
5462
8825
7300
2901
6714
4748
6423
5394
2407
1030
3736
8837
1832
4085
7982
2673
1823
5596
1536
1173
8512
5386
5535
6012
2726
3901
2705
6537
1718
5972
5144
2258
7767
3736
3763
6329
2291
2309
1738
2593
7034
4150
3658
6004
6832
8356
4655
8856
3561
7744
1446
8773
6627
8765
2862
2453
8556
5935
6626
5629
7395
8020
4461
1040
3797
5209
5785
2928
4953
9141
9414
2313
7355
2586
5582
5832
4841
7337
3931
1343
8186
2060
7584
5176
2957
7813
1842
2327
7969
5401
2221
9009
1140
6387
4722
4202
4966
5192
5805
1660
8913
6489
3230
7875
2969
2504
3600
4012
6123
2889
9107
5434
2677
3038
2662
2218
5008
5515
4257
3878
4053
5631
2465
7171
2353
7602
6072
7267
9809
1501
4489
6866
5433
4305
4659
4134
4368
7623
2573
3152
9674
3666
2410
9962
6126
3355
4612
3197
3254
5878
3732
6255
3157
3591
9877
3979
7628
4449
5589
5293
3985
9356
6129
9944
7964
6426
2563
3844
9847
8162
8448
5833
9001
1350
7991
2119
6752
1553
4774
8156
3898
4936
8133
5594
3840
4658
4289
5132
7381
5505
6957
3236
5269
7393
2018
9898
3237
1080
6499
1293
9913
6657
1943
6098
4341
3415
1933
4628
1121
4584
5936
3514
4425
2974
4257
7245
4010
7849
9075
9158
5217
5600
6880
9498
3788
7112
2533
1788
5946
9608
1728
7126
4102
1832
6630
6963
5210
3591
5468
7658
5689
7270
2292
7746
6510
3843
6052
7779
7376
5819
9464
4874
2478
9589
2215
5016
6331
3966
4363
6278
4062
6832
6432
7066
5387
9814
3538
6131
1548
3087
6535
4824
9263
6381
2030
1934
8877
9877
6398
7211
4090
8630
4687
2787
6554
2123
2204
7625
1722
2505
5972
6636
7748
7139
2958
3193
5547
1832
3640
1281
4111
3450
4768
4728
2545
7787
5425
7531
5445
3206
9870
5773
1647
1987
1513
4375
8485
8103
9102
5152
1220
3456
1132
3417
9446
5400
3343
6119
4027
1835
5592
2780
4077
1482
5730
7875
2579
1308
2981
3508
5177
6210
3205
3915
6891
3771
7113
9035
2132
8457
2237
1096
6434
4418
8474
1550
5103
3280
5015
2901
8616
1098
2677
2282
4446
4006
9366
2075
1992
3858
6141
9210
9688
3067
8605
5529
1563
1735
7342
6453
9315
5680
1490
1716
2863
8169
9857
7795
9630
6695
7413
5271
5229
7618
7950
8046
6637
4101
6097
6266
3616
7308
8263
4042
2187
5978
6659
5729
2748
4267
6454
8687
1369
7203
7043
7717
3043
2127
2997
9517
8672
1361
7590
9719
6126
5720
2781
9617
6575
1639
4496
9375
7088
3623
3106
4555
2841
1170
7656
8841
5654
3709
7930
5857
1354
2797
5635
5252
8486
3343
5376
5596
9381
1013
5299
1414
7461
8677
3076
6689
6237
6517
6834
9548
8169
2175
7423
2816
3243
6118
6584
1414
1610
4726
9881
7912
6299
1257
6073
7685
2740
1286
8565
7600
1188
5642
2990
7505
4736
2862
4604
4012
9244
5886
9087
5148
7736
5292
5600
4265
9345
3326
1813
6207
1834
4938
6415
5407
4511
9857
4409
1603
4015
6056
2677
5845
7940
4034
9726
4596
4347
9367
2358
4940
9814
2690
4838
6979
2790
3853
2477
7177
1753
9091
3415
1886
5354
4602
7497
5495
5800
3444
5848
4035
6100
3397
9136
4017
5538
1456
6359
5501
3036
4386
7188
3115
9583
6669
1916
2297
1222
2234
6519
5884
9573
7965
2932
2648
9858
6612
4318
5621
9399
6110
6068
2000
1448
8001
2911
7636
1073
3513
4808
5254
5896
5974
1487
2327
4694
5504
2531
8111
4501
4904
9968
8092
4967
6064
1748
8134
9158
4275
6471
1833
5135
1206
1589
9731
3087
1888
2509
2827
4457
2063
1007
5562
7684
9684
7958
2423
3795
1984
5141
3112
1217
4202
9373
5340
3511
2216
9030
6661
5412
5762
4776
3549
2478
2646
2485
6370
2167
5029
9525
4540
6021
8672
3271
1893
5733
8623
6079
8310
1041
6377
9039
5429
5624
5961
2373
6453
3064
2043
4562
1533
5901
3197
5906
4709
4722
1598
8130
4041
9730
7261
2868
9019
5375
1794
7848
2159
8270
3620
5954
8043
3779
5523
6538
8955
7552
4566
9600
9175
4987
5734
4280
2042
8252
1031
3538
6167
4584
8254
1915
5401
5941
3604
2442
4652
3094
4039
1455
8718
4869
7828
2142
6964
1635
9196
5559
2028
5182
2128
7778
7995
5836
6189
8137
9383
8759
8206
7202
8065
4055
6831
6609
5698
9538
7172
2240
8655
3255
8137
6962
6147
2454
9354
1831
9015
2511
6282
1269
6659
4356
4079
4938
4319
4987
3105
7926
3742
6292
9993
3742
6608
5404
3798
5229
5480
5155
2805
3109
1539
4445
5294
2401
6237
3384
7944
4978
1974
6958
2147
1216
5849
4497
3036
7657
2070
3463
8740
6455
1519
1613
9069
6230
8143
3551
3418
8630
2970
9542
8894
8352
9953
2985
8968
4497
2998
1053
5980
3627
2446
9348
8953
9877
9814
6916
2566
8825
6314
8339
1070
7371
1330
7060
7523
1138
6079
7778
7752
2685
5607
8575
3326
3674
9069
1930
5960
5679
2885
8059
5257
6362
4414
5019
1346
4203
1990
5820
3790
3100
3411
3195
9859
7337
5239
3409
6852
1164
7883
5245
8341
6874
3050
5477
9083
4233
7973
7841
6005
1757
9339
4268
4432
5540
7602
5038
2533
9525
5255
4448
6553
9998
2089
2802
2902
9628
6528
7468
2194
7862
7398
7162
3523
4154
3170
8587
6788
4359
9268
1244
3721
2786
5481
6748
4120
3600
3200
5983
9750
8876
9933
1475
1795
5808
7140
4210
8782
7992
1921
4483
3550
3331
9297
1244
1658
1404
2516
4373
9242
9838
1933
2170
5121
1662
1642
8147
1801
4067
9364
7936
9714
9216
3340
6467
3636
1355
3957
5432
6341
2102
3133
9274
1650
7436
5314
3169
6358
8891
3624
4960
8113
9541
3775
3927
6871
8063
5146
9461
6591
6466
9404
2946
4934
2203
9004
5254
1839
2097
6765
1530
2443
4015
7322
2557
2773
1904
9555
8351
4263
2898
6020
7737
6026
2424
7435
4017
4805
2287
2989
1351
3249
2405
6456
4562
1491
9880
3133
2874
3570
3718
2077
9757
8203
4033
6096
9391
2923
2998
5189
3483
9347
5542
1130
2303
8924
3983
1614
3446
4093
9781
2929
9822
5483
9036
5488
6073
1399
8764
3916
3710
9640
6213
7092
9104
2306
4842
2819
5963
3972
4983
4214
6446
4527
2419
1142
4602
6708
4488
3157
6729
8388
4010
1396
6236
5869
2823
7527
7501
3786
8294
5994
2498
5495
7438
5532
5837
3687
2827
1758
6347
1429
2525
2458
5173
3282
8819
6915
2930
9913
7519
1197
1342
6911
4279
4037
3070
8621
9543
5750
3375
9487
9070
9993
4863
6218
1245
4173
7185
5306
9297
9939
9196
1757
7513
5897
6560
5347
7418
7302
8701
7944
5515
4700
7810
2133
4907
1946
2466
2594
2746
4846
6500
8136
8618
1986
4240
1849
9570
1939
5885
4377
5496
5068
6056
5741
2698
8253
6238
8252
7364
3597
2452
1160
1685
9004
5853
9777
1056
1204
6600
5592
7835
4880
4331
8387
3933
7490
1038
9519
2123
8584
3950
1679
5589
1061
5820
1351
2823
4391
6572
1551
8960
6310
5838
8009
1006
5511
8922
7368
7898
4881
4084
2745
1215
4520
1916
7693
7625
7241
2159
6544
6237
6153
5043
5473
8444
5596
1274
8734
5722
9009
1205
9276
9435
8173
3866
7127
6313
5448
3749
6219
2223
5407
9878
4907
2144
4951
2722
5214
7318
5962
3484
6332
3477
8063
3420
3817
7311
6712
2553
6364
1312
2637
8515
1806
8721
5360
7204
6786
4214
9650
1797
1356
8515
6286
2294
5027
4653
2045
7266
6222
6249
6049
4156
8791
3491
2562
9755
9561
3915
3523
3685
4209
8279
6861
2844
1990
3675
3262
2100
8895
9397
8553
6495
6143
5735
6153
6531
1237
7087
6420
5486
8698
1353
1119
1296
5605
2240
6729
4774
1270
5902
2498
4503
4020
4625
2645
7038
6710
3539
4259
1147
2549
8096
4109
3551
2198
3223
6403
2142
9761
3103
6070
8138
2647
4492
5545
4289
1959
6455
9248
9393
6069
3081
3185
6046
8811
6119
3012
2453
4868
4796
2634
3377
9701
3085
1959
3405
5618
1477
2878
6567
3780
6127
8819
6403
8639
3230
1832
5725
8899
8498
7091
3035
3886
5955
6719
3619
6927
8390
1587
4176
1162
7318
4429
4628
6724
1452
7716
5233
2613
3010
7089
9601
9880
6217
3093
3278
6503
6514
8016
7230
1572
3184
1601
1400
3353
3958
4765
8500
4116
5606
6054
1259
4543
1443
1133
5854
2852
5597
6916
5945
2327
7946
3086
3612
3978
4883
3607
9182
1542
1534
3810
5865
4617
3727
1727
6380
4444
4679
3979
5007
5538
2709
1474
1033
3759
4667
5679
6679
6044
1694
4922
9187
8474
1111
8585
9175
5706
7264
8220
2042
5171
2635
8368
1267
4228
4571
6703
2147
8841
9405
9372
3118
6765
8263
4964
8560
4036
1871
6760
9300
9582
6540
9611
6655
7792
3484
8755
7673
7800
4815
1856
1833
6746
3774
7609
7195
3321
1243
2143
9831
6337
4125
1037
6388
9234
6295
5248
5414
5170
3720
6201
3036
2935
5935
8783
9691
9271
5288
6976
6838
8171
6214
1492
8948
4959
3469
3121
3300
4909
8354
5714
5847
3890
1982
8188
2269
4792
2455
5105
4355
5436
3723
2131
6097
5202
5447
7523
5461
4925
6587
3621
9834
7374
5770
1483
6063
9212
7533
2484
4581
8185
6290
6690
3569
5571
7274
3038
1327
8466
6707
5920
6197
3450
7085
5805
3273
7898
2046
6292
5862
8335
9460
2505
4407
5369
8562
7013
6356
2248
2565
1949
4159
5983
6745
1947
5103
4928
2545
8780
4481
8383
4474
7681
3714
2763
3713
4245
5015
5174
4154
4836
8987
4565
1370
1890
7876
7984
5981
1331
3427
1286
3006
6987
3503
2772
5186
8874
9611
5538
3948
4515
2314
6846
2118
6433
5416
4039
7440
5913
9581
5362
2596
1507
4204
6699
2705
6026
2771
8231
2735
8053
8467
3345
4083
7827
2745
8204
9707
3557
8900
5541
9110
8100
3441
8798
2686
3283
2092
9650
5256
4718
1665
2121
5423
2259
5616
1850
9555
7837
4424
1759
2068
5089
4089
9694
8318
1375
7825
5028
6404
7048
3369
4788
3585
4841
2913
9594
9626
3027
6720
1765
8077
6331
4536
9056
9542
2647
9605
1922
9168
6238
6289
4852
2543
1720
9182
4630
4796
9205
5345
4942
3682
8090
9837
9926
5853
4715
4132
7225
7613
4661
5559
8573
5065
8323
1587
3192
4632
9745
1973
5075
6259
6130
6942
9437
1262
9059
7601
3012
1438
4201
8256
1743
5262
3716
3633
7399
7551
5004
6617
2323
6177
1871
6371
5295
4218
5255
8328
9182
5912
1545
4799
1492
3158
7543
3623
3622
8640
7279
1477
3412
8866
2601
7630
3406
1177
5016
5359
2672
3016
1349
6011
9695
7620
5632
6342
4167
9782
9903
6165
6781
5230
3551
4440
2923
4207
6814
2601
1920
6638
7927
2903
2197
1175
2177
5433
8319
1233
9456
9583
8691
1511
1150
3760
8252
6328
7521
2247
9456
8155
2492
9305
1467
2661
9644
6217
8055
2363
4409
8815
4174
5297
9610
9479
5071
9839
4146
3661
8507
4088
7335
2836
5975
6000
8797
8291
5853
4229
9946
7281
2679
6437
8459
9395
7811
5136
6540
1643
3689
2281
3555
2095
8947
4203
9539
7543
2136
6038
4171
2293
1863
1176
8778
1469
6287
4831
2582
1064
7223
1793
2376
2151
4918
9338
8463
9658
6340
6587
9780
3049
5331
5545
1922
9843
5901
4709
4210
8165
1144
2876
7131
7109
9458
9467
7747
2254
7650
3822
6012
1431
4272
3804
2423
7063
8740
2358
4606
6206
2132
7800
6512
5734
8284
7437
6399
1590
4647
6029
6039
4691
9015
4612
5895
5242
1006
2022
9030
2241
8421
8948
6130
6863
1231
7130
8989
3962
4507
7831
4978
9961
1531
8105
1170
2728
5649
9167
9322
5980
2665
9145
8728
3663
2781
5979
6461
6260
8625
4439
3795
8442
5440
5112
6333
5184
6826
4640
4809
5298
1602
2571
3117
6051
5207
5372
8333
2797
3776
6331
9013
8554
3303
1352
2043
2898
2952
1863
7904
4991
4080
4859
3720
1149
3028
3686
6326
9877
6110
5056
3989
9713
4662
5313
5002
9178
4240
1785
2645
5985
1042
2993
1468
3200
8630
7030
3890
1176
7292
2080
4427
9016
6764
7283
9406
3387
2616
4657
6713
7465
4089
4101
1925
9671
3895
4721
7833
9626
7117
3841
8801
7528
9073
5917
6672
4384
6042
1560
4467
3328
8132
4373
8452
5405
5261
5934
5969
3144
4115
4253
8316
3672
5859
4354
4159
5054
3441
1846
5799
2113
6966
1810
1879
2939
7068
1483
8828
4006
2887
6405
1573
9376
2056
5954
2389
9435
6242
1896
4126
6687
5919
2087
8945
6802
3704
6937
6519
5024
1325
5522
8759
5160
5326
1815
9554
9237
5474
2536
4584
2317
6607
2344
9611
8078
4672
4880
8093
2962
9338
3791
6741
3246
3531
9471
9858
6509
1543
2513
3439
7475
6281
1653
5563
5727
6369
5979
2249
2636
9990
3399