500
1226
7951
4641
3998
1357
7978
5410
1806
6049
2292
7076
7205
4582
1211
6100
3970
6659
2604
3912
2669
6785
2865
2575
9818
1813
4734
4064
5694
7562
5653
7562
8762
2317
8228
5715
6500
4875
4587
5166
7741
9711
3010
7057
7443
5447
4817
5990
4279
1347
8563
9831
3893
7611
1980
4374
6082
2659
7168
9403
9792
2585
3997
6887
9054
7271
1456
3267
9350
5223
2301
4898
7097
3460
4745
5947
3720
5772
4374
8718
8541
3309
4567
5432
3644
8131
1622
7135
3364
9280
1107
8672
5873
1344
6190
5833
5820
6561
4546
5524
7609
4192
1402
8725
2169
4060
4617
9031
7734
1736
1539
6649
8631
4024
9592
3112
2457
1334
9104
2887
9312
5063
2120
9033
4415
8973
7079
4975
2990
4906
1858
5288
2200
7883
4003
6274
5274
9749
3192
4806
1055
6058
1659
5337
3220
7359
6150
2393
9960
3206
6570
9079
1690
9552
1540
7998
3074
4007
5882
8390
2975
1404
4966
3027
5000
5485
8277
6129
5298
1609
7024
5570
3885
3003
1052
4158
3546
4422
4653
4688
8196
3822
4992
4210
4961
3220
9600
8199
5374
9207
6876
2439
2752
3628
7663
7556
4213
9184
2001
8159
1836
4500
2343
4290
5613
4916
2956
9906
4557
4476
9271
2445
3070
3339
1721
9512
8622
2694
9068
2617
7794
5964
3945
4667
9326
7762
9731
5813
4764
2024
4324
6735
1279
2361
8364
8733
1492
2144
9896
5887
4767
4714
7081
4089
8212
4370
5620
2184
5732
2844
4840
6668
6907
4438
1800
9130
1181
3006
6080
2082
9132
7360
9911
3651
4585
1680
8523
4108
6728
6661
5003
2678
1173
8254
5917
6536
1353
6700
5473
1469
2603
5153
7115
6262
7694
7558
6984
4393
8594
8942
5925
5769
3065
2776
5578
9289
5421
7248
7699
5194
7081
2669
9232
2823
3336
2917
4832
1455
2082
6114
7350
7035
4029
1576
3225
9053
2321
3884
4102
3749
2414
6082
1385
6945
9086
2256
7650
2914
4251
4641
5217
8123
5033
1768
6149
9828
1302
6902
7006
5002
7489
9164
1154
6597
2915
7994
1260
4737
1045
8200
2674
3460
3423
7863
8562
7257
9221
1011
3377
5149
5104
7274
3162
4465
2477
3244
2374
3023
3453
7658
8699
4315
3218
2263
2388
1063
2873
4446
6985
8667
7079
2923
3194
5833
5747
3425
2012
7701
3587
4334
6290
5500
7949
3580
4522
9589
4630
3553
3130
5152
1881
8242
1299
4564
3862
3132
1389
3160
2770
3896
1925
6005
5732
2463
9845
2599
7760
5831
4728
2166
9711
6380
4758
2061
9865
3372
9271
4764
6434
4150
6475
3243
1246
7956
3408
6354
8653
7494
8324
9265
7581
9781
4506
4348
2263
7547
2330
3078
5634
1304
6467
4430
2761
6984
3748
9347
9639
4393
5377
6600
8696
5033
9067
3284
7915
6256
9394
1327
4693
5701
4963
3806
5994
1923
8917
4870
7798
1986
9718
3471
6250
5764
3662
7081
8083
8926
1060
9382
3855
1315
8703
9833
9092
1512
3625
8313
1599
5983
5525
3557
8032